Dataset: assist2017, Learning Rate: 0.002

epoch: 0
auc:0.6094658298519864 f1: 0.17127204030226698 recall: 0.09957968425060777 precision: 0.6115758229897463

auc:0.6127891099714896 f1: 0.18230800545990086 recall: 0.10699779342525052 precision: 0.6155898762836581

epoch: 1
auc:0.6138764945304951 f1: 0.21050250210393912 recall: 0.12775328783574003 precision: 0.5975545013957152

auc:0.6172056828474582 f1: 0.21862357484369252 recall: 0.13367345504630995 precision: 0.5997981963801475

epoch: 2
