Dataset: LON_course_comb_df1, Learning Rate: 0.002

epoch: 0
auc:0.7186996854769891 f1: 0.47453429083474263 recall: 0.3690361682288855 precision: 0.6644972871710585

auc:0.7157171200393748 f1: 0.4734704271980646 recall: 0.36861096792101194 precision: 0.6617076556215966

epoch: 1
