Dataset: LON_course_comb_df1, Learning Rate: 0.002

epoch: 0
auc:0.8056272482161354 f1: 0.55185534028194 recall: 0.4356647378951974 precision: 0.7525614297299936

auc:0.8045668529531593 f1: 0.5524832620947914 recall: 0.4354107873921857 precision: 0.7556651605559963

epoch: 1
auc:0.8482782224593114 f1: 0.6427516489295653 recall: 0.5407598409132249 precision: 0.7921595316027698

auc:0.8474176584901554 f1: 0.6448587644026056 recall: 0.5425096386978815 precision: 0.7948057241851189

epoch: 2
