Dataset: LON_course_comb_df1, Learning Rate: 0.002

epoch: 0
auc:0.7668095415032424 f1: 0.6095317725752508 recall: 0.5348495964783566 precision: 0.7084548104956269

auc:0.6054186591679994 f1: 0.4829964793946661 recall: 0.5011598398033229 precision: 0.46610364824871153

epoch: 1
auc:0.7626772737014935 f1: 0.6241776315789475 recall: 0.5568598679383713 precision: 0.7100093545369505

auc:0.6133466057670753 f1: 0.5026904987612257 recall: 0.5440739125262699 precision: 0.46715750946929396

epoch: 2
auc:0.7927953305732686 f1: 0.6267006802721089 recall: 0.5407190022010272 precision: 0.7451971688574317

