Dataset: LON_course_comb_df1, Learning Rate: 0.002

epoch: 0
auc:0.7054320959237107 f1: 0.45035439919178033 recall: 0.3440054963929921 precision: 0.6518834016079009

auc:0.7028156655570816 f1: 0.4505962631585762 recall: 0.344977992783219 precision: 0.6494233568469376

epoch: 1
auc:0.7071113337688727 f1: 0.454315615524125 recall: 0.3494380919664327 precision: 0.6491446387791103

auc:0.7042709871135915 f1: 0.4545419444515947 recall: 0.3501030968714065 precision: 0.6477806309611152

epoch: 2
